sequential/simple_rnn/kernel:0
(1, 80)
[[ 0.15071316 -0.14359716  0.15758413 -0.21358009  0.15375611  0.21529643
  -0.01230779  0.24851796  0.07876416 -0.18550207 -0.01882637  0.04766732
  -0.20852064 -0.19396958  0.1860592   0.18278575 -0.12831599 -0.03801473
   0.12358733  0.1639992   0.16558237 -0.09017813  0.18619192 -0.00636286
   0.06859536 -0.10306078  0.2053551  -0.00940644 -0.12964725  0.03998549
   0.1763979   0.0144892  -0.08978207 -0.19799496 -0.12713791 -0.07536589
  -0.03858567  0.08838207 -0.00961732  0.01776555  0.2005973  -0.07802118
  -0.20411211  0.17034678  0.05896616 -0.14233637 -0.15013525  0.12619472
   0.03683287  0.03774463 -0.18763274  0.09044834 -0.1363443  -0.06684691
   0.22811294 -0.18392244 -0.22871874  0.21099599  0.03793037 -0.03823502
  -0.14921892  0.12034428  0.1848128  -0.12421159  0.17882457  0.21001473
   0.05410945  0.07376294 -0.07949777 -0.09915587  0.09329534  0.21883465
   0.1367995  -0.05114863  0.1537539  -0.11336749 -0.224995   -0.11059099
  -0.171901   -0.19713084]]
sequential/simple_rnn/recurrent_kernel:0
(80, 80)
[[-0.24735692 -0.18628468 -0.06616781 ... -0.12762274 -0.06457055
   0.07117785]
 [ 0.01953724  0.08127584 -0.14190988 ... -0.20592083  0.0559352
   0.14625224]
 [ 0.01767279  0.19857605 -0.18605612 ...  0.17078736 -0.00149317
  -0.06181373]
 ...
 [-0.04233045  0.15934473 -0.02977398 ... -0.06038953  0.00046744
  -0.13100298]
 [-0.0380328  -0.00653925  0.19326438 ... -0.10546736  0.00823627
  -0.15219352]
 [ 0.10603502 -0.172681    0.11108283 ... -0.06108338  0.07999189
  -0.08974359]]
sequential/simple_rnn/bias:0
(80,)
[-1.4880523e-02  2.2901644e-03 -1.8982548e-02  2.1635674e-02
 -8.3690733e-03 -9.7208070e-03  4.4495943e-03 -3.3922344e-03
 -1.2252766e-02  1.2220861e-02 -4.3956100e-04 -8.4787207e-03
  9.4914548e-03  1.1404694e-02 -1.2547760e-02 -2.6551718e-02
  6.6470271e-03 -5.2622468e-03 -3.2431968e-03 -1.4607913e-02
 -2.1840928e-02  4.4008330e-03 -1.5993511e-04 -1.1596294e-03
 -6.1827706e-04  5.9707169e-03 -2.4256090e-02 -7.5644972e-03
  1.6535277e-02  7.0826998e-03 -1.2820905e-02 -2.5669010e-03
  5.6553148e-03  1.9643268e-02  1.6937491e-02  4.6550278e-05
  1.2321753e-03 -8.6915279e-03  3.3155303e-03 -3.2082496e-03
 -1.2061831e-02  2.4387650e-03  1.4185760e-02 -1.1977154e-02
 -4.5194733e-03  2.3283830e-02  1.1357065e-02 -6.1584832e-03
  4.2880019e-03 -3.3537860e-03  1.4789654e-02 -6.7154812e-03
  2.0660888e-02  1.1725560e-02 -1.3974017e-02  2.5688179e-02
  1.8826354e-02 -1.7410021e-02 -3.4961099e-06  4.3707183e-03
  1.5388658e-02 -5.8770152e-03 -1.2516207e-02  4.6842233e-03
 -1.2379936e-02 -1.8538568e-02  1.2463564e-03 -1.2857934e-02
  6.3436772e-03  6.0826009e-03 -9.3503743e-03 -1.1075030e-02
 -1.6785137e-02  2.9504893e-03 -8.0450084e-03  1.3044111e-02
  1.0179705e-02  6.9555449e-03  1.7865380e-02  7.0053190e-03]
sequential/simple_rnn_1/kernel:0
(80, 100)
[[-0.10805359 -0.01946516 -0.02392338 ...  0.15481193  0.06138212
   0.11975406]
 [ 0.00506882  0.04476265  0.00796177 ... -0.02293047 -0.09439192
   0.06617372]
 [-0.12462501  0.06499596 -0.0808444  ...  0.12172006 -0.07579553
   0.11499435]
 ...
 [ 0.04285009 -0.00582069 -0.0613556  ...  0.04165198  0.15452147
  -0.14305165]
 [ 0.05639089 -0.11171837  0.03222367 ...  0.01278094  0.168066
  -0.13372007]
 [ 0.10386528 -0.12312084 -0.12984225 ...  0.09810402  0.11971357
  -0.17942886]]
sequential/simple_rnn_1/recurrent_kernel:0
(100, 100)
[[-0.12874185 -0.08511722  0.08685473 ... -0.04253471 -0.20302178
  -0.06884636]
 [-0.02515496 -0.01684022 -0.02607851 ...  0.11414317 -0.02021731
  -0.12554903]
 [ 0.06739827  0.06420989 -0.00276072 ... -0.08031508 -0.07514902
  -0.0514841 ]
 ...
 [ 0.10565422 -0.04760471  0.02629741 ...  0.05573032 -0.01950854
  -0.02163738]
 [ 0.11489837  0.05737542  0.04438502 ...  0.092884   -0.03875668
  -0.0741346 ]
 [-0.04715278 -0.1277211   0.10007604 ... -0.00846324 -0.10961617
  -0.0074063 ]]
sequential/simple_rnn_1/bias:0
(100,)
[-2.7936460e-03  1.2460860e-02 -5.1686573e-03  6.5458752e-03
 -5.1060971e-04  1.1422803e-03 -1.3392902e-02  5.2920622e-03
 -6.3661435e-03 -1.1016441e-02 -5.7645547e-03 -3.9055634e-03
  1.9313365e-02  1.2244060e-02  1.7614281e-04 -2.0011538e-03
  4.6067461e-03 -6.6578588e-03 -1.8966600e-02  3.8899083e-04
 -8.4316009e-04 -4.0162229e-03 -5.4628206e-03 -3.7525999e-03
 -5.2866276e-04  5.2687442e-03  8.4518967e-03  4.7179009e-03
  9.8410184e-03 -1.1634803e-03  2.1413544e-03  1.5705455e-02
  2.4023943e-03  3.9865049e-03 -1.0787819e-03  4.9682190e-03
 -6.4325826e-03  8.8946298e-03  1.0738708e-02  8.6985705e-03
  1.0021720e-02  5.9369868e-03  4.0468847e-04 -5.5431896e-03
 -5.9755216e-03 -2.3999074e-03  9.7594736e-03  1.5090699e-03
  3.2030107e-03 -9.1099821e-04  5.8763395e-03  7.7654952e-03
 -7.4272999e-03  1.0992383e-02  4.8115291e-03 -1.6269058e-02
 -3.6274036e-03  4.8638359e-03 -1.1960492e-03  2.7577579e-03
  4.0504620e-03 -3.4100891e-03  6.1837649e-03 -6.9140154e-03
 -6.8348210e-04 -3.2724238e-05  4.2622504e-03 -1.7031357e-03
  5.6904098e-03 -3.0801028e-03  4.4084815e-03  6.5304525e-04
 -8.9084292e-03  7.6178815e-03  4.0940791e-03  1.2343962e-02
 -8.5077126e-04  8.5041914e-03  4.7254260e-04  8.2585786e-04
  8.0518508e-03 -4.3679769e-03  1.0731160e-02  3.0132926e-03
 -5.1741027e-03 -4.2139245e-03  1.2411949e-03  2.2177277e-03
 -1.4042479e-02  3.6839833e-03 -2.6246132e-03  6.1073476e-03
 -3.7144608e-04 -6.4768195e-03 -4.1457582e-03 -2.9501866e-03
  8.5701045e-05 -5.8841618e-04 -1.1779863e-02  5.3549055e-03]
sequential/dense/kernel:0
(100, 1)
[[-0.16074349]
 [ 0.09939759]
 [-0.10891698]
 [-0.029209  ]
 [-0.09075243]
 [-0.02059054]
 [-0.12473625]
 [-0.20421992]
 [-0.07507512]
 [-0.09481096]
 [-0.13325483]
 [ 0.05322437]
 [ 0.07906094]
 [-0.07513488]
 [-0.00119969]
 [-0.09029451]
 [ 0.11894162]
 [-0.17625895]
 [-0.12619616]
 [-0.16952807]
 [ 0.13156238]
 [-0.13255423]
 [-0.1224232 ]
 [ 0.16629551]
 [ 0.06342947]
 [ 0.13717225]
 [ 0.1765046 ]
 [-0.1529953 ]
 [ 0.13856392]
 [ 0.16243322]
 [-0.16205283]
 [ 0.12817483]
 [ 0.03838201]
 [ 0.15281337]
 [ 0.18128213]
 [ 0.0838125 ]
 [-0.13605793]
 [ 0.04183341]
 [ 0.11830279]
 [ 0.17253336]
 [ 0.10527709]
 [ 0.18881425]
 [-0.14689147]
 [-0.05945347]
 [-0.15717812]
 [-0.17895365]
 [ 0.07174131]
 [-0.02969075]
 [ 0.07390932]
 [-0.1270488 ]
 [ 0.15965758]
 [ 0.07311302]
 [-0.158533  ]
 [ 0.07651414]
 [ 0.16965812]
 [-0.0381488 ]
 [-0.15036407]
 [-0.02134512]
 [-0.02182765]
 [ 0.12658086]
 [ 0.04016646]
 [-0.0145186 ]
 [-0.00705066]
 [-0.11339946]
 [-0.1254602 ]
 [ 0.1349812 ]
 [-0.0832556 ]
 [-0.16836073]
 [ 0.00913358]
 [-0.13514364]
 [ 0.07982221]
 [-0.1721969 ]
 [-0.18065837]
 [ 0.08972714]
 [ 0.04153759]
 [ 0.13469248]
 [-0.0955915 ]
 [ 0.20535518]
 [-0.04200599]
 [ 0.1697108 ]
 [ 0.0776148 ]
 [-0.07444531]
 [ 0.09102257]
 [ 0.05231593]
 [-0.11942562]
 [-0.17563243]
 [-0.174797  ]
 [-0.05690087]
 [-0.09324823]
 [ 0.14639261]
 [ 0.01100553]
 [ 0.17842616]
 [ 0.1633812 ]
 [-0.1886433 ]
 [-0.19700986]
 [-0.05303737]
 [ 0.0127075 ]
 [-0.02598259]
 [-0.07734481]
 [ 0.15109739]]
sequential/dense/bias:0
(1,)
[0.06562095]
